00001111000111110001111100011111000111110111111111111111011111110001111100011111000111110001111100001111
00000100000000010001001100000011000001111011001100001111001011110000001100101111010010010000010000000011
100001111110000
000011111100001
001110010111100101111010011011101110110011111010111110101110110001101110011110100111100100111001
001110000111101001111111011011011110110011111010111110101110110001101101011111110111101000111000
000000000000111000011000101111100110110100111101001111000011110101101101101111100001100000001110
000000000111100000011101101111100110110000111100001111000011110001101100101111100001110101111000
000000000000000000011010001111010110100011111100111111000110100000111101000110100000000000000000
000000000000000000011001001110100110110111111010111110100110110100111010000110010000000000000000
0000100000110000111100110111011111011111001110100111111011111101110100111110001111100110111001111000011000000100
0001000100100101000100010100100000101000100000000010001010000010010100010001010010010001000
1111111100000110111011010101101110110000011111111
000000000000000110000000000000000000000110000000000000000000001111000000000000000000011111100000000000000000111011110000000000000000111111111000000000000001101111111000000000000001111110111000000000111111111111111100000011100000111111111110000110000000001111110110001100000000000111111111011000011000000011111111010000010000000001111111110000010000000001111111100000011000001000111011100000000000011000111111100000000000011000111111100000000000011000111111100000000000011000111111100000011000001000111011110000010000000001111111010000010000000001111111011000011000000011111111001100000000000111111111000110000000001111110110000011100000111111111110000000111111111111111100000000000001111110111000000000000001101111111000000000000000111111111000000000000000111011110000000000000000011111100000000000000000001111000000000000000000000110000000000000000000000110000000
00001100000111100011111001111000001111000111111111111110011111110011110001111000001111100001111000001100